   upper		lower	   all Roots	Errors		all Value
   8.00000	  -1.00000	   3.50000	   0.00000	  30.00000
   3.50000	  -1.00000	   1.25000	   2.25000	   1.87500
   1.25000	  -1.00000	   0.12500	   1.12500	  -4.59375
   1.25000	   0.12500	   0.68750	   0.56250	  -1.99219
   1.25000	   0.68750	   0.96875	   0.28125	  -0.21680
   1.25000	   0.96875	   1.10938	   0.14063	   0.78955
   1.10938	   0.96875	   1.03906	   0.07031	   0.27649
   1.03906	   0.96875	   1.00391	   0.03516	   0.02737
   1.00391	   0.96875	   0.98633	   0.01758	  -0.09533
   1.00391	   0.98633	   0.99512	   0.00879	  -0.03413
   1.00391	   0.99512	   0.99951	   0.00439	  -0.00342
   1.00391	   0.99951	   1.00171	   0.00220	   0.01197
   1.00171	   0.99951	   1.00061	   0.00110	   0.00427
   1.00061	   0.99951	   1.00006	   0.00055	   0.00043
   1.00006	   0.99951	   0.99979	   0.00027	  -0.00150
   1.00006	   0.99979	   0.99992	   0.00014	  -0.00053
   1.00006	   0.99992	   0.99999	   0.00007	  -0.00005
   1.00006	   0.99999	   1.00003	   0.00003	   0.00019
   1.00003	   0.99999	   1.00001	   0.00002	   0.00007
   1.00001	   0.99999	   1.00000	   0.00001	   0.00001
The Root is :1
The UpperBound is : 8
The LowerBound is : -1
The Number of iterations : 20
The precision is : -8.5831e-06
The Execution time is : 0.0014976
