   upper		lower	   all Roots	Errors		all Value
   8.00000	  -1.00000	  -0.64706	   0.00000	  -6.10381
   8.00000	  -0.64706	  -0.30233	   0.34473	  -5.72418
   8.00000	  -0.30233	   0.00885	   0.31118	  -4.97329
   8.00000	   0.00885	   0.27036	   0.26151	  -4.04274
   8.00000	   0.27036	   0.47725	   0.20689	  -3.11273
   8.00000	   0.47725	   0.63324	   0.15599	  -2.29831
   8.00000	   0.63324	   0.74664	   0.11340	  -1.64512
   8.00000	   0.74664	   0.82692	   0.08028	  -1.15166
   8.00000	   0.82692	   0.88268	   0.05576	  -0.79372
   8.00000	   0.88268	   0.92090	   0.03822	  -0.54117
   8.00000	   0.92090	   0.94687	   0.02597	  -0.36628
   8.00000	   0.94687	   0.96440	   0.01753	  -0.24668
   8.00000	   0.96440	   0.97618	   0.01179	  -0.16557
   8.00000	   0.97618	   0.98409	   0.00790	  -0.11088
   8.00000	   0.98409	   0.98938	   0.00529	  -0.07415
   8.00000	   0.98938	   0.99291	   0.00353	  -0.04953
   8.00000	   0.99291	   0.99527	   0.00236	  -0.03307
   8.00000	   0.99527	   0.99685	   0.00158	  -0.02206
   8.00000	   0.99685	   0.99790	   0.00105	  -0.01472
   8.00000	   0.99790	   0.99860	   0.00070	  -0.00982
   8.00000	   0.99860	   0.99906	   0.00047	  -0.00655
   8.00000	   0.99906	   0.99938	   0.00031	  -0.00436
   8.00000	   0.99938	   0.99958	   0.00021	  -0.00291
   8.00000	   0.99958	   0.99972	   0.00014	  -0.00194
   8.00000	   0.99972	   0.99982	   0.00009	  -0.00129
   8.00000	   0.99982	   0.99988	   0.00006	  -0.00086
   8.00000	   0.99988	   0.99992	   0.00004	  -0.00057
   8.00000	   0.99992	   0.99995	   0.00003	  -0.00038
   8.00000	   0.99995	   0.99996	   0.00002	  -0.00026
   8.00000	   0.99996	   0.99998	   0.00001	  -0.00017
   8.00000	   0.99998	   0.99998	   0.00001	  -0.00011
The Root is :0.99998
The UpperBound is : 8
The LowerBound is : -1
The Number of iterations : 31
The precision is : 8.1124e-06
The Execution time is : 0.01426
