  all Roots		Errors		all Value
   1.00000	   0.00000	   0.36788
   0.36788	   0.63212	   0.69220
   0.69220	   0.32432	   0.50047
   0.50047	   0.19173	   0.60624
   0.60624	   0.10577	   0.54540
   0.54540	   0.06085	   0.57961
   0.57961	   0.03422	   0.56012
   0.56012	   0.01950	   0.57114
   0.57114	   0.01103	   0.56488
   0.56488	   0.00626	   0.56843
   0.56843	   0.00355	   0.56641
   0.56641	   0.00201	   0.56756
   0.56756	   0.00114	   0.56691
   0.56691	   0.00065	   0.56728
   0.56728	   0.00037	   0.56707
   0.56707	   0.00021	   0.56719
   0.56719	   0.00012	   0.56712
   0.56712	   0.00007	   0.56716
   0.56716	   0.00004	   0.56714
   0.56714	   0.00002	   0.56715
   0.56715	   0.00001	   0.56714
   0.56714	   0.00001	   0.56714
   0.56714	   0.00000	   0.56714
The Root is 0.56714
The initial point is 0
The Number of  iterations is : 23
The precision is : 6.9328e-06
The Execution time is : 0.06867